1 3 5 9 9 5 3 2 0 1 0 1 0 1 1 1 1 0 1 1 1 1 1 1 1 1 1 1 0 1 1 0 1 1 1 1 1 1 1 1 1 1 1 1 1 1 1 0 1 0 1 0 0 1 1 1 1 1 0 0 0 0 0 4
0 1 2 6 5 3 1 0 1 1 1 0 1 1 1 1 1 0 1 1 1 1 1 1 1 1 1 1 0 1 1 0 1 1 1 1 1 1 1 1 1 1 0 1 0 1 1 0 1 0 0 1 1 0 1 1 1 0 1 1 1 1 0 2
1 1 1 3 3 2 1 0 1 1 1 0 1 1 1 1 1 1 0 0 1 1 1 1 1 1 1 1 1 0 0 1 1 1 1 1 1 1 1 1 1 1 1 0 1 1 1 1 0 0 0 1 1 0 1 1 1 0 1 1 0 0 0 1
0 0 0 2 3 3 1 0 1 0 0 1 0 1 1 1 1 1 1 1 0 0 0 1 1 0 0 1 1 1 1 1 1 0 0 0 1 0 0 1 1 1 1 0 1 0 1 1 0 0 1 0 0 1 1 1 1 0 1 1 0 0 0 2
1 0 1 3 4 4 2 1 0 1 1 0 1 1 1 0 1 0 1 0 1 1 1 0 0 1 1 0 1 1 1 1 0 1 2 1 0 1 1 0 1 1 1 1 1 1 0 0 1 1 0 0 1 1 0 0 1 1 0 0 1 1 0 2
1 0 0 4 4 4 1 0 1 1 1 0 1 1 1 0 1 0 1 1 0 0 0 1 1 0 1 1 1 1 1 1 0 1 1 1 0 1 1 0 1 1 0 0 0 0 1 0 1 0 1 1 1 0 1 1 1 1 1 1 1 1 0 3
0 0 1 2 3 3 1 0 1 0 0 1 1 1 1 1 0 1 1 1 0 1 1 0 1 1 0 0 1 1 1 1 1 1 0 0 0 1 1 0 1 0 1 1 1 1 1 0 1 0 1 1 0 1 1 1 1 1 1 1 0 0 0 3
1 0 1 0 2 2 1 1 0 1 1 1 1 1 1 1 1 1 1 1 0 1 1 0 0 0 1 1 1 1 1 1 1 1 0 1 0 1 1 0 1 0 1 1 0 1 0 1 0 1 0 0 0 1 1 1 1 1 1 1 1 1 0 3
1 1 0 0 0 1 1 0 0 1 1 1 1 1 1 1 1 1 1 1 1 1 0 1 1 0 0 1 1 1 1 1 0 0 1 1 1 0 0 1 1 1 1 0 1 0 0 1 0 1 1 1 1 0 1 1 1 1 1 1 1 1 0 2
1 1 1 0 1 0 0 0 1 0 1 1 1 1 1 0 1 0 1 1 0 0 0 1 1 1 0 1 0 0 0 1 1 1 0 1 0 1 1 1 1 1 0 1 1 1 0 0 1 1 1 1 1 0 0 1 1 1 1 0 1 1 1 2
1 1 1 1 0 1 1 1 0 1 1 1 1 1 1 0 1 0 0 1 0 1 1 0 1 1 1 2 1 1 0 0 1 1 0 1 0 1 1 1 1 0 1 0 0 1 1 1 1 1 1 1 0 1 1 0 1 1 1 0 1 0 0 1
1 1 1 1 1 0 0 1 0 0 1 1 1 1 1 1 0 1 1 0 0 1 1 0 1 1 1 1 1 2 1 0 1 0 1 0 1 1 0 0 1 0 1 1 1 0 1 0 0 1 1 1 0 1 1 0 1 1 1 1 0 1 1 0
1 1 1 1 0 1 1 0 1 1 0 1 1 1 1 1 0 1 1 0 1 0 0 1 1 0 0 1 0 1 1 1 0 1 1 1 1 0 1 1 0 0 1 1 1 1 0 1 1 0 1 1 1 0 0 1 1 1 1 1 1 1 1 1
1 0 0 1 0 0 0 1 1 2 1 0 1 1 0 1 0 1 1 0 1 1 1 0 1 1 0 2 1 1 0 1 1 1 1 1 0 1 0 0 1 0 1 1 1 1 0 1 1 0 1 1 1 1 0 1 1 1 1 1 1 1 0 1
0 1 1 0 1 0 1 1 0 0 0 1 1 1 1 0 1 1 1 1 0 1 0 0 1 1 0 1 0 0 1 1 0 1 1 0 1 1 0 1 2 0 0 0 0 0 1 0 0 1 1 1 0 0 1 1 1 1 1 1 1 1 0 1
0 1 1 0 1 1 0 1 1 1 1 1 1 1 1 0 1 0 0 1 1 0 1 1 0 1 0 0 0 0 0 0 1 0 0 0 1 1 0 1 2 1 0 1 1 1 1 1 1 1 0 0 0 0 1 1 0 1 1 1 1 1 0 2
1 0 0 1 1 1 0 1 1 1 1 1 1 1 0 1 0 1 0 1 2 1 1 0 0 1 0 1 1 1 1 0 2 1 1 1 1 0 2 2 1 0 0 1 1 1 1 1 1 0 1 2 0 1 0 0 1 0 1 1 1 1 0 2
0 1 1 0 0 1 1 0 1 1 1 1 1 1 1 0 1 0 0 1 0 0 1 1 1 0 0 1 1 1 2 3 2 1 2 2 1 2 1 0 0 0 1 1 1 1 1 1 1 1 0 0 1 0 1 1 0 1 1 0 1 0 0 1
1 0 0 1 1 0 0 1 1 1 1 1 1 1 1 1 0 1 0 0 0 1 0 1 0 1 1 3 2 1 3 2 2 2 2 1 0 1 0 0 1 1 0 1 1 1 1 1 0 0 1 1 1 1 0 0 1 0 0 0 1 0 0 1
1 1 1 1 1 1 1 1 1 0 0 1 1 1 0 0 0 0 0 1 1 0 0 1 2 2 2 2 3 4 5 6 4 3 2 2 1 1 1 1 1 2 1 0 1 1 1 1 1 1 0 1 0 1 1 1 1 0 0 1 0 1 0 1
1 1 1 1 0 0 1 1 0 1 1 0 1 0 1 1 1 1 1 1 1 0 0 0 2 1 2 3 3 6 7 9 6 4 4 4 2 1 2 2 1 1 1 1 1 1 1 1 1 1 0 0 1 0 1 1 0 1 1 0 1 0 1 0
1 1 1 1 1 1 0 0 2 1 1 1 1 1 0 0 0 1 1 0 1 0 1 2 0 1 2 5 8 11 15 18 17 12 8 5 2 1 1 0 0 1 1 1 1 0 0 1 0 1 1 1 0 1 0 1 1 0 0 1 1 1 0 1
1 1 1 1 1 1 1 0 2 1 0 0 1 0 1 1 1 2 1 0 1 0 1 2 1 2 3 7 14 27 46 62 48 29 15 7 4 2 1 1 1 1 1 1 1 0 1 0 1 1 1 1 1 1 1 1 1 1 1 0 0 1 1 0
1 1 1 1 1 1 1 0 1 1 0 1 1 0 1 1 1 2 1 0 0 1 2 2 1 2 4 9 23 57 113 159 125 59 24 10 5 2 1 2 2 2 1 1 0 0 0 1 0 1 1 1 1 1 1 0 0 1 1 0 1 0 0 1
0 1 1 1 0 0 0 0 0 0 1 1 1 0 1 1 1 1 1 0 1 1 1 1 2 3 4 12 31 88 174 230 185 87 33 12 6 3 1 1 2 2 1 1 0 0 1 1 0 1 1 1 0 0 0 1 1 0 0 1 1 0 0 1
1 0 1 1 1 1 0 1 0 1 1 1 1 0 0 0 1 0 0 1 1 1 3 3 2 3 4 12 33 98 196 249 196 89 33 13 6 3 2 2 1 2 2 1 1 0 1 1 1 1 1 1 1 1 1 1 1 1 1 1 1 0 0 1
0 1 1 1 0 1 1 0 1 1 1 0 1 1 2 1 1 2 1 0 0 1 2 2 3 2 4 11 25 74 156 213 150 62 25 10 5 3 2 2 2 1 1 1 1 1 1 0 1 1 1 1 1 1 1 0 0 0 0 1 1 1 0 2
1 1 1 1 0 1 1 0 0 0 0 1 2 1 1 1 1 1 1 1 0 0 1 2 2 2 3 7 15 33 64 89 57 28 14 6 4 2 1 1 1 1 0 0 1 2 1 0 1 1 1 1 1 0 0 1 1 1 1 0 0 0 0 2
1 1 1 0 1 0 0 1 1 1 0 1 1 1 1 0 0 1 1 1 1 0 1 2 1 2 4 5 8 14 19 23 18 12 8 5 3 2 2 2 2 1 0 1 1 1 1 0 1 1 1 1 0 1 1 1 1 1 1 0 0 0 0 2
1 1 1 1 1 1 0 1 1 1 0 0 0 0 0 1 1 0 0 0 1 0 1 2 1 2 3 3 5 7 8 9 9 6 4 3 3 1 1 0 1 1 0 0 0 0 0 1 1 1 1 1 0 1 1 0 0 0 0 1 1 1 0 3
0 0 0 0 1 1 1 1 1 1 1 1 1 1 1 1 1 1 1 1 0 0 1 1 2 1 2 3 4 4 5 5 5 4 2 3 2 1 1 0 1 0 1 1 0 1 1 1 1 1 1 1 1 1 0 0 1 1 1 1 1 1 0 4
1 1 1 1 1 1 0 0 1 1 1 1 1 0 0 0 0 0 0 0 1 0 1 1 1 1 2 3 3 3 3 4 4 3 4 2 1 1 0 1 0 0 0 1 0 0 0 1 1 1 0 0 1 0 1 1 0 0 1 1 1 1 0 4
1 1 2 1 0 0 1 1 0 1 1 1 0 1 1 1 1 2 1 0 1 0 1 2 2 2 3 2 4 3 4 5 5 4 4 2 2 1 1 1 0 1 1 1 0 1 1 0 1 0 1 1 0 0 1 1 1 1 0 1 1 1 0 5
0 1 1 1 0 0 0 1 0 0 0 1 0 1 1 1 0 1 1 0 0 0 1 2 2 2 2 1 4 5 7 9 9 7 5 4 2 2 1 2 0 1 2 1 0 1 1 0 1 0 1 1 0 1 0 0 1 1 0 1 1 1 0 5
1 0 1 1 1 1 1 1 1 2 1 0 1 1 1 0 1 0 1 1 0 1 0 2 1 1 3 3 4 9 14 20 22 16 9 5 2 1 1 2 0 0 0 0 1 1 1 1 1 1 0 1 1 1 1 0 1 1 1 1 1 0 0 5
0 1 1 1 1 2 2 1 0 0 0 0 1 1 1 1 0 1 1 1 0 1 1 1 1 1 2 4 7 15 33 56 63 35 17 7 3 1 2 1 1 1 1 0 1 0 0 1 0 1 0 1 0 0 0 1 1 1 1 1 0 1 0 4
1 1 1 1 1 1 1 1 1 0 1 1 0 1 1 0 1 0 1 0 1 1 0 1 2 1 1 6 9 26 62 112 125 66 27 10 5 1 1 2 1 1 1 0 0 1 1 0 1 0 1 0 0 0 0 1 1 1 1 1 0 1 0 4
1 1 1 1 0 0 0 1 0 0 1 0 1 0 0 1 0 1 0 0 1 0 0 0 0 1 2 5 12 34 90 159 165 85 32 11 6 1 3 2 1 1 2 1 0 1 1 1 2 0 0 1 0 1 1 0 1 1 1 1 1 0 0 4
1 0 1 1 0 0 1 0 1 1 1 0 1 0 1 0 1 0 1 1 0 1 0 1 0 1 2 5 9 30 83 155 154 70 27 9 5 2 1 1 1 1 0 0 1 0 1 0 0 1 1 0 1 1 1 1 1 1 1 1 1 1 0 3
1 0 1 1 1 1 0 1 0 0 0 1 1 1 1 1 1 0 0 0 1 1 1 2 1 1 1 5 6 16 38 70 65 32 14 7 5 2 2 1 0 0 0 1 0 1 1 1 1 1 1 1 1 1 1 1 0 0 1 1 1 1 0 2
0 1 1 1 1 1 0 1 1 0 1 1 0 0 0 2 2 0 1 0 1 2 1 1 1 1 2 3 4 9 15 24 21 13 7 4 3 2 1 2 0 1 1 0 1 1 1 1 1 1 1 1 1 1 1 0 1 1 0 1 1 1 0 2
1 1 0 0 0 0 1 1 1 0 1 1 1 1 0 2 0 1 1 1 0 0 1 0 2 2 2 2 3 4 6 8 8 6 4 2 1 1 1 1 0 1 1 0 1 1 1 1 1 1 1 1 1 1 1 0 1 1 0 1 1 1 0 2
1 0 1 1 1 1 0 1 1 0 1 1 1 1 0 1 0 1 1 1 1 1 1 0 2 2 2 1 3 3 4 4 4 3 3 3 1 0 1 1 0 1 1 1 0 1 1 1 0 1 1 0 1 1 1 1 0 0 1 1 0 0 0 1
1 1 0 0 0 0 1 0 1 1 1 1 1 1 1 1 1 1 1 1 0 1 0 0 1 1 0 1 0 2 1 1 0 2 2 2 2 0 0 0 1 1 0 1 0 1 1 1 1 0 0 1 1 1 0 0 1 1 1 1 0 0 1 0
0 1 1 1 1 1 1 1 0 1 1 1 1 1 1 1 1 1 1 0 1 1 0 0 2 1 1 0 1 2 1 1 0 1 1 0 0 1 1 0 2 1 0 0 1 1 1 1 1 0 1 1 1 1 0 0 1 1 1 1 0 1 1 0
2 0 1 1 1 0 1 2 0 1 1 1 1 1 1 1 1 1 1 0 1 1 1 1 1 1 2 1 2 1 0 1 1 0 1 1 0 1 0 0 1 1 0 1 1 1 1 1 0 1 1 1 1 0 1 1 1 1 1 0 1 0 0 1
2 0 0 1 0 1 0 1 0 1 1 1 1 1 1 1 1 1 1 1 0 0 1 1 0 1 1 0 2 1 0 2 1 0 1 1 1 0 1 1 1 1 0 1 1 1 1 1 0 1 1 0 1 1 1 1 1 1 1 0 1 0 0 1
0 0 0 0 1 1 0 1 1 0 1 1 1 0 1 1 1 1 1 1 1 1 0 0 0 0 0 1 1 0 1 0 1 0 0 0 2 1 0 1 1 0 1 1 0 1 1 1 1 0 0 1 1 1 1 1 1 1 1 1 1 1 0 1
1 0 0 1 0 1 0 1 1 0 1 0 1 0 1 1 1 1 1 1 1 1 1 1 1 1 1 0 0 1 1 1 1 1 1 0 0 0 0 2 1 0 1 0 1 0 1 1 1 1 1 1 1 1 1 1 1 1 1 1 0 1 0 1
0 1 1 1 1 1 1 0 0 1 1 1 0 1 0 0 1 1 1 1 1 1 1 1 1 1 0 0 0 0 1 1 1 1 0 1 0 1 0 1 1 0 1 0 1 0 1 1 1 1 1 1 1 1 1 1 1 1 1 0 1 0 0 1
1 1 0 0 1 1 1 1 1 1 1 1 0 1 0 1 1 1 1 1 1 1 1 0 1 0 1 1 1 2 0 1 1 2 1 1 0 1 1 0 0 1 1 1 0 1 1 1 1 1 1 1 1 1 1 1 1 1 1 0 1 1 0 1
0 0 2 2 0 1 1 1 1 1 1 1 1 1 1 1 1 1 1 1 1 1 0 1 0 1 0 0 0 0 1 1 1 2 1 0 1 1 0 1 1 0 1 1 1 1 1 1 1 1 1 1 1 1 1 0 0 1 1 1 1 1 0 0
0 1 0 0 1 1 1 1 1 1 1 1 1 1 1 1 1 1 0 0 0 0 0 1 0 1 0 1 0 0 1 1 0 0 0 1 1 1 1 1 1 1 0 0 1 1 1 1 1 1 1 1 1 1 0 1 1 0 1 1 0 0 0 2
1 1 1 1 1 1 1 1 1 1 1 0 1 1 0 1 1 0 1 1 1 1 0 1 0 1 0 1 1 1 0 1 1 1 1 1 1 1 1 1 0 0 1 1 1 1 1 1 1 1 1 1 1 1 0 1 1 1 0 0 1 1 0 1
1 0 1 1 1 1 1 1 1 1 1 1 0 0 1 1 1 0 1 1 0 1 0 0 1 1 1 0 1 1 0 1 1 1 0 1 1 1 0 0 1 0 1 1 1 0 0 1 1 0 0 0 0 0 0 0 1 1 1 1 1 1 0 0
1 1 0 0 1 1 1 1 1 0 0 0 1 1 0 0 1 1 0 1 0 1 1 1 0 1 1 0 1 1 1 1 0 0 1 1 1 0 1 2 2 1 0 1 0 1 1 0 0 1 2 1 1 2 1 0 1 1 0 0 1 1 1 1
1 0 1 1 1 1 1 1 0 1 1 0 1 0 1 1 1 1 0 1 0 1 1 1 0 1 1 0 1 1 1 0 1 1 0 1 1 1 0 0 0 0 1 1 1 0 0 1 1 0 0 0 0 0 0 1 1 1 1 1 1 1 1 1
0 1 0 0 1 1 1 1 0 1 1 0 1 1 1 1 1 1 1 0 1 0 1 1 1 0 0 1 0 0 1 0 2 0 1 1 1 1 1 1 1 1 1 1 1 1 1 1 1 1 1 1 1 1 1 1 1 0 0 1 1 1 1 1
1 0 1 1 0 1 0 0 0 0 0 0 0 0 1 1 1 1 1 1 1 1 1 1 1 1 1 1 1 1 0 0 1 0 1 1 1 1 1 1 1 1 1 1 1 1 0 1 0 1 1 1 1 1 1 1 0 1 1 0 1 1 1 1
1 0 1 1 1 0 1 6 6 5 5 5 5 1 0 1 1 1 1 1 1 1 1 1 1 1 0 1 1 1 0 1 0 0 1 1 1 0 1 1 1 1 1 1 1 1 1 0 1 1 1 1 1 1 1 1 0 1 1 0 1 1 1 1
1 1 0 1 0 1 0 2 2 2 2 1 1 0 1 1 1 1 1 1 1 1 1 0 1 0 1 1 1 0 0 0 1 1 0 0 0 1 1 1 1 1 1 1 1 1 0 1 0 1 0 1 0 0 0 1 1 1 1 0 1 0 1 1
1 1 0 1 0 1 1 0 0 0 0 0 0 1 1 1 1 1 1 1 1 1 1 0 1 1 0 1 0 1 1 1 1 0 1 0 1 0 1 1 0 1 1 1 1 1 1 1 1 1 0 1 0 0 0 1 1 1 1 0 1 0 0 1
1 1 1 0 1 1 1 1 1 1 1 1 1 1 1 1 1 1 1 1 1 1 1 1 0 1 1 1 0 1 1 1 0 1 0 1 1 0 1 0 1 0 1 1 1 1 1 1 1 1 1 0 1 1 1 0 1 1 0 1 0 0 2 0
0 1 1 1 1 1 1 1 1 1 1 1 1 1 1 1 1 1 1 1 1 1 1 1 1 1 1 1 0 1 1 0 1 1 1 1 0 1 1 0 1 0 1 1 1 1 1 1 1 1 1 1 1 1 1 1 1 1 1 0 0 0 0 0
