  1.893856     178.000000  
  1.695338     246.000000  
  1.482901     207.000000  
  1.287652     221.000000  
  1.069778     243.000000  
  0.892762     243.000000  
  0.690987     303.000000  
  0.491659     362.000000  
  0.272933     386.000000  
  0.077477     530.000000  
  -0.098705     502.000000  
  -0.306508     471.000000  
  -0.509085     377.000000  
  -0.699385     304.000000  
  -0.915058     287.000000  
  -1.128040     255.000000  
  -1.328043     244.000000  
  -1.543006     208.000000  
  -1.725028     233.000000  
  -1.924744     215.000000  
  -1.941863     199.000000  
  -1.740339     218.000000  
  -1.533313     163.000000  
  -1.342042     234.000000  
  -1.144373     234.000000  
  -0.919342     267.000000  
  -0.732102     325.000000  
  -0.508787     377.000000  
  -0.322298     430.000000  
  -0.133028     447.000000  
  0.076876     462.000000  
  0.266232     417.000000  
  0.487684     353.000000  
  0.684457     285.000000  
  0.870336     285.000000  
  1.071777     255.000000  
  1.284775     215.000000  
  1.470366     207.000000  
  1.669655     195.000000  
  1.880219     230.000000  
  1.880461     204.000000  
  1.680735     215.000000  
  1.486345     245.000000  
  1.275693     260.000000  
  1.075566     268.000000  
  0.883515     262.000000  
  0.672550     329.000000  
  0.487843     344.000000  
  0.274323     413.000000  
  0.079262     515.000000  
  -0.111421     529.000000  
  -0.334154     464.000000  
  -0.542022     370.000000  
  -0.730720     304.000000  
  -0.919366     302.000000  
  -1.130681     221.000000  
  -1.320518     266.000000  
  -1.534091     230.000000  
  -1.732772     180.000000  
  -1.942129     208.000000  
  -1.953048     210.000000  
  -1.729617     221.000000  
  -1.549386     237.000000  
  -1.342485     242.000000  
  -1.152547     255.000000  
  -0.929563     283.000000  
  -0.740883     326.000000  
  -0.535425     393.000000  
  -0.343576     446.000000  
  -0.137198     537.000000  
  0.058247     518.000000  
  0.273569     431.000000  
  0.460292     410.000000  
  0.678587     296.000000  
  0.867378     286.000000  
  1.059055     236.000000  
  1.262876     216.000000  
  1.475357     232.000000  
  1.681209     242.000000  
  1.864648     172.000000  
  1.888459     189.000000  
  1.700771     219.000000  
  1.500968     243.000000  
  1.299030     220.000000  
  1.097796     249.000000  
  0.894464     270.000000  
  0.694853     319.000000  
  0.488467     394.000000  
  0.279607     461.000000  
  0.099782     527.000000  
  -0.112412     504.000000  
  -0.310230     501.000000  
  -0.521074     413.000000  
  -0.729680     354.000000  
  -0.929403     294.000000  
  -1.124162     263.000000  
  -1.328744     243.000000  
  -1.539343     217.000000  
  -1.718152     213.000000  
  -1.914282     208.000000  
  -1.926304     189.000000  
  -1.730701     198.000000  
  -1.527183     241.000000  
  -1.314251     215.000000  
  -1.121174     231.000000  
  -0.912267     276.000000  
  -0.718233     376.000000  
  -0.513247     378.000000  
  -0.302967     449.000000  
  -0.114907     542.000000  
  0.093023     532.000000  
  0.291549     438.000000  
  0.481368     325.000000  
  0.682200     358.000000  
  0.891832     278.000000  
  1.091634     284.000000  
  1.289209     229.000000  
  1.495040     230.000000  
  1.692731     234.000000  
  1.875373     178.000000  
